% -------------------------------------------------------------------
%  Generated by MATLAB on 1-Mar-2021 14:46:59
%  MATLAB version: 9.9.0.1495850 (R2020b) Update 1
% -------------------------------------------------------------------
                                                               

smiData = struct;
smiData.RigidTransform = struct;
smiData.RigidTransform(1).translation = ...
  [0 0 0];
smiData.RigidTransform(1).angle = 3.1415926535897931;
smiData.RigidTransform(1).axis = [1 0 0];
smiData.RigidTransform(1).ID = ['B[drone_base_test_3-1:-:drone_camera_w' ...
                                'all_test-1]'];
smiData.RigidTransform(2).translation = ...
  [88.000000000000028 19.999999999999986 6.00000000000003];
smiData.RigidTransform(2).angle = 2.0943951023931953;
smiData.RigidTransform(2).axis = [0.57735026918962584 0.57735026918962584 ...
                                  -0.57735026918962562];
smiData.RigidTransform(2).ID = ['F[drone_base_test_3-1:-:drone_camera_w' ...
                                'all_test-1]'];
smiData.RigidTransform(3).translation = ...
  [0 0 0];
smiData.RigidTransform(3).angle = 3.1415926535897931;
smiData.RigidTransform(3).axis = [1 0 0];
smiData.RigidTransform(3).ID = ['B[drone_base_test_3-1:-:drone_camera_w' ...
                                'all_test-2]'];
smiData.RigidTransform(4).translation = ...
  [87.999999999999858 19.999999999999854 26.999999999999904];
smiData.RigidTransform(4).angle = 2.0943951023931953;
smiData.RigidTransform(4).axis = [0.57735026918962373 0.57735026918962573 ...
                                  -0.57735026918962784];
smiData.RigidTransform(4).ID = ['F[drone_base_test_3-1:-:drone_camera_w' ...
                                'all_test-2]'];
smiData.RigidTransform(5).translation = ...
  [30.733125881400653 59.62221317792671 4.0000000000000036];
smiData.RigidTransform(5).angle = 3.1415926535897931;
smiData.RigidTransform(5).axis = [1 0 0];
smiData.RigidTransform(5).ID = ['B[drone_base_test_3-1:-:drone_top_test' ...
                                '_3-1]'];
smiData.RigidTransform(6).translation = ...
  [30.733125881400646 59.622213177926717 26.999999999999986];
smiData.RigidTransform(6).angle = 3.1415926535897931;
smiData.RigidTransform(6).axis = [-1 -2.2204460492503131E-16 -0];
smiData.RigidTransform(6).ID = ['F[drone_base_test_3-1:-:drone_top_test' ...
                                '_3-1]'];
smiData.RigidTransform(7).translation = ...
  [15 23.999999999999993 -1.0000000000000009];
smiData.RigidTransform(7).angle = 0;
smiData.RigidTransform(7).axis = [0 0 0];
smiData.RigidTransform(7).ID = ['B[drone_base_test_3-1:-:drone_fc_test-' ...
                                '1]'];
smiData.RigidTransform(8).translation = ...
  [2.9999999999995808 29.999999999998998 2];
smiData.RigidTransform(8).angle = 2.3561944901923364;
smiData.RigidTransform(8).axis = [-0 -0 -1];
smiData.RigidTransform(8).ID = ['F[drone_base_test_3-1:-:drone_fc_test-' ...
                                '1]'];
smiData.RigidTransform(9).translation = ...
  [0 0 4.0000000000000036];
smiData.RigidTransform(9).angle = 0;
smiData.RigidTransform(9).axis = [0 0 0];
smiData.RigidTransform(9).ID = ['B[drone_base_test_3-1:-:drone_arm_sing' ...
                                'le_test_2_tl_br-2]'];
smiData.RigidTransform(10).translation = ...
  [17.677669529663881 38.890872965260449 3.9999999999995044];
smiData.RigidTransform(10).angle = 3.1415926535897869;
smiData.RigidTransform(10).axis = [0.92387953251128652 -0.38268343236509061 ...
                                   1.3170782690383521E-15];
smiData.RigidTransform(10).ID = ['F[drone_base_test_3-1:-:drone_arm_sin' ...
                                 'gle_test_2_tl_br-2]'];
smiData.RigidTransform(11).translation = ...
  [0 0 4.0000000000000036];
smiData.RigidTransform(11).angle = 0;
smiData.RigidTransform(11).axis = [0 0 0];
smiData.RigidTransform(11).ID = ['B[drone_base_test_3-1:-:drone_arm_sin' ...
                                 'gle_test_2_tl_br-3]'];
smiData.RigidTransform(12).translation = ...
  [-17.677669529664406 -38.890872965258076 4.0000000000005222];
smiData.RigidTransform(12).angle = 3.1415926535897905;
smiData.RigidTransform(12).axis = [0.38268343236509372 0.92387953251128518 ...
                                   -3.1797082198192578E-15];
smiData.RigidTransform(12).ID = ['F[drone_base_test_3-1:-:drone_arm_sin' ...
                                 'gle_test_2_tl_br-3]'];
smiData.RigidTransform(13).translation = ...
  [0 0 4.0000000000000036];
smiData.RigidTransform(13).angle = 0;
smiData.RigidTransform(13).axis = [0 0 0];
smiData.RigidTransform(13).ID = ['B[drone_base_test_3-1:-:drone_arm_sin' ...
                                 'gle_test_2_tr_bl-1]'];
smiData.RigidTransform(14).translation = ...
  [38.890872965259732 17.677669529664023 0];
smiData.RigidTransform(14).angle = 2.35619449019235;
smiData.RigidTransform(14).axis = [0 0 1];
smiData.RigidTransform(14).ID = ['F[drone_base_test_3-1:-:drone_arm_sin' ...
                                 'gle_test_2_tr_bl-1]'];
smiData.RigidTransform(15).translation = ...
  [0 0 4.0000000000000036];
smiData.RigidTransform(15).angle = 0;
smiData.RigidTransform(15).axis = [0 0 0];
smiData.RigidTransform(15).ID = ['B[drone_base_test_3-1:-:drone_arm_sin' ...
                                 'gle_test_2_tr_bl-2]'];
smiData.RigidTransform(16).translation = ...
  [-38.890872965260584 -17.67766952966349 0];
smiData.RigidTransform(16).angle = 0.78539816339744983;
smiData.RigidTransform(16).axis = [-0 -0 -1];
smiData.RigidTransform(16).ID = ['F[drone_base_test_3-1:-:drone_arm_sin' ...
                                 'gle_test_2_tr_bl-2]'];
smiData.RigidTransform(17).translation = ...
  [0 0 0];
smiData.RigidTransform(17).angle = 2.0943951023931953;
smiData.RigidTransform(17).axis = [-0.57735026918962584 -0.57735026918962584 ...
                                   -0.57735026918962584];
smiData.RigidTransform(17).ID = ['B[drone_camera_wall_test-1:-:drone_ca' ...
                                 'mera_and_proximity_sensor_weight-1]'];
smiData.RigidTransform(18).translation = ...
  [17.9999999999999 15.000000000000691 -1.8349766151004587E-12];
smiData.RigidTransform(18).angle = 1.5707963267948863;
smiData.RigidTransform(18).axis = [1 -7.1439206870112137E-15 3.5419578862734405E-15 ...
                                   ];
smiData.RigidTransform(18).ID = ['F[drone_camera_wall_test-1:-:drone_ca' ...
                                 'mera_and_proximity_sensor_weight-1]'];
smiData.RigidTransform(19).translation = ...
  [0 0 0];
smiData.RigidTransform(19).angle = 3.1415926535897931;
smiData.RigidTransform(19).axis = [1 0 0];
smiData.RigidTransform(19).ID = ['B[drone_top_test_3-1:-:drone_battery_' ...
                                 'cell_1-1]'];
smiData.RigidTransform(20).translation = ...
  [28.499999999996163 13.499999999999471 -15.1];
smiData.RigidTransform(20).angle = 3.1415926535897838;
smiData.RigidTransform(20).axis = [2.3314683517128287E-15 -0.70710678118654646 ...
                                   0.70710678118654879];
smiData.RigidTransform(20).ID = ['F[drone_top_test_3-1:-:drone_battery_' ...
                                 'cell_1-1]'];
smiData.RigidTransform(21).translation = ...
  [0 0 11.300000000000004];
smiData.RigidTransform(21).angle = 3.1415926535897931;
smiData.RigidTransform(21).axis = [1 0 0];
smiData.RigidTransform(21).ID = ['B[drone_motor_test_3-2:-:drone_propel' ...
                                 'ler_2_tl_br-3]'];
smiData.RigidTransform(22).translation = ...
  [-1.0691831202990747E-12 -9.0949470177292824E-13 1.4999999999994174];
smiData.RigidTransform(22).angle = 3.1415926535897865;
smiData.RigidTransform(22).axis = [-1 1.2016601214541445E-29 -3.4914813388431452E-15 ...
                                   ];
smiData.RigidTransform(22).ID = ['F[drone_motor_test_3-2:-:drone_propel' ...
                                 'ler_2_tl_br-3]'];
